.Random.seed <-
c(403L, 10L, -1055884670L, 948936884L, 1593266231L, -2038316243L, 
710178884L, -365001366L, 2101162453L, 1606379375L, -2031411594L, 
-1446276704L, -259926429L, -346427647L, 1163730544L, 742210062L, 
470708857L, -802824693L, -736055494L, -1345464772L, 1349991807L, 
1453543125L, -434037012L, -386518974L, 1685591965L, 1487316503L, 
1683544958L, 1499986232L, -1683499493L, 2099492729L, 687337928L, 
-231035402L, 601624625L, -1634231709L, 487802418L, -889990268L, 
-971132473L, 689969309L, -856518636L, 459663034L, 473036549L, 
864720095L, 591058278L, 971546864L, -254467053L, 1090431409L, 
-1606900640L, -1734643202L, 1552405897L, -787574085L, -38961526L, 
-1162036884L, -878444817L, 1436109093L, -1172723748L, 1041057202L, 
-1991158611L, 1338012775L, 1820265358L, -130855832L, -1597101973L, 
376353289L, -1374421864L, -186241082L, -2023439583L, -1913090125L, 
315238178L, -1360398060L, 1857542551L, -232994419L, 1038487716L, 
350177930L, -1866039051L, -314874033L, -1789403050L, 591252224L, 
1682472515L, 1249461729L, -1514008240L, -400308306L, -57148071L, 
653036395L, -446166310L, 452176796L, 2120316831L, -464273931L, 
177688716L, 1442386274L, -1120006851L, -1695318601L, -918664610L, 
203791256L, 1579823867L, 1491106457L, 1641775912L, -139988522L, 
-229171631L, -1923179261L, 811651218L, -363813340L, 1327216871L, 
-776581827L, 862644660L, -1849166310L, -1076759195L, -131597313L, 
1836964486L, 1083165200L, 1509019827L, 829295441L, -1046698240L, 
-612522530L, -2130522583L, -1253055013L, 703392490L, -1722423156L, 
-1954785329L, 1317752709L, 983850044L, 1450036498L, -683783667L, 
-480403129L, -2007997650L, 1375501960L, 916846475L, 956618601L, 
120146232L, -511798298L, 2140283777L, 2075187987L, 102114498L, 
1622884212L, -1665490057L, -195750803L, 1976257284L, 339931690L, 
-1228382315L, 917750831L, 192691510L, 1299531104L, 1105200035L, 
499025089L, 987137200L, -832576562L, 1250633529L, 793311051L, 
666248442L, 1850318332L, -1825739201L, 772240149L, -479047636L, 
213324034L, 2013944285L, -1878906665L, 1906725822L, 408811000L, 
553603547L, 804978745L, 326818184L, 801912118L, 661892977L, -1971782237L, 
571556082L, -1541022652L, -1777539321L, 1708345053L, -195467308L, 
1868035834L, -2069697979L, 1062324895L, 944416806L, -808436560L, 
1047801171L, 109746289L, -652180064L, 17922366L, -1934186423L, 
1476730107L, -1329892150L, 1413294636L, 369503791L, 1392832229L, 
1975870364L, 1557898738L, -1275543443L, -557708889L, -918012978L, 
-229965528L, 790324011L, -874610359L, -698861992L, -559446266L, 
-386424095L, 1949091443L, 301928162L, -1295756716L, 1668709207L, 
-469500083L, -632282396L, 1213516490L, 1786069813L, -1605564017L, 
614309526L, -65634752L, -1531435261L, -699375839L, 99723280L, 
687206382L, -1368649831L, 1743288363L, 15113498L, -1321635876L, 
2110026207L, 1343313333L, 2040189772L, 1644704162L, 2038112509L, 
2100383223L, -1927628002L, 1085015512L, 741900091L, -2103052071L, 
-789539736L, 1825589654L, -1859118831L, 438835907L, -853036334L, 
-2129898652L, 830879399L, 48664176L, 1942996804L, -399143976L, 
-1321726086L, -388185040L, -119218244L, -294118828L, 1406718018L, 
1969510048L, -2025321796L, 550946768L, -1788171934L, -330249496L, 
848123084L, -1297331716L, -1747291662L, 1585483904L, -1285181964L, 
-1249654136L, 2053752634L, 235485520L, -1092945812L, -1388051052L, 
1374121042L, -1234628128L, 991576268L, 968632992L, 1754952066L, 
-1440394008L, -990135572L, -953061060L, -803951502L, -84287888L, 
-180627932L, 503357496L, 830551322L, 1074950352L, 1011936572L, 
-1481683052L, 727037826L, -655724608L, 334147132L, 619684240L, 
1404584994L, 1314889992L, -1627577204L, -1573629156L, -1711779694L, 
322650496L, -1650443244L, 1488893736L, 1070497338L, 1876140496L, 
1812324716L, 376483764L, 1550923282L, -1297050656L, -1207085620L, 
1265452256L, 1011517474L, 658149160L, -1853651444L, 465455932L, 
-1023190030L, -697052432L, -496336316L, -1704745384L, -1921323206L, 
-6951952L, 1153588924L, 2085346580L, -72171326L, 1024787552L, 
813863292L, -552661040L, 226650402L, 786505384L, -1396223092L, 
1059919036L, 1853843250L, 1907192384L, 1405734068L, -448764856L, 
-1611349574L, -1860014576L, 901695724L, 1024840020L, -1066750190L, 
2142500256L, 1381419724L, -907024800L, 1949646786L, -126215384L, 
-254843476L, 966572348L, -1954670734L, -1326450384L, -946966748L, 
-2104951496L, -253560102L, -596203632L, -814120196L, 427822996L, 
-178997182L, -686834432L, 1026077756L, -565369520L, 1920075938L, 
889296712L, -1012232436L, 608275164L, -315831470L, -810130816L, 
-1019492268L, 1892131816L, 1737234170L, -1337855664L, 1266395948L, 
1516896116L, -1973757038L, 1717042784L, 469049228L, -874601632L, 
245120994L, -269631576L, -1492433716L, -1712390660L, 1405977522L, 
-1113607696L, 1996411332L, 1417478488L, -303172230L, -1319988816L, 
772267964L, 1972170836L, 1024734146L, -2022630368L, 584268988L, 
-1900842416L, 1288435682L, -2032742808L, -1732904372L, -2050518788L, 
548962290L, -33983232L, 107622260L, 1829437448L, 1321582010L, 
358057424L, 907500524L, -2145714284L, -2147216430L, -1984993440L, 
498187596L, -1083392736L, 633348994L, -1617595672L, 1307919596L, 
-1160175044L, -85539982L, -845145488L, -905891804L, 1895202616L, 
202237082L, 446520016L, 1888143548L, 590362260L, 1516375682L, 
-1899717440L, -394759876L, -63002480L, 1666834978L, 1103765000L, 
685250828L, 99125916L, 1422059026L, 930678144L, 570045972L, -971575768L, 
1679897914L, -1651001392L, 1573528172L, 746254132L, -1201661294L, 
1840814432L, -113047220L, -265543712L, -1051101278L, 1107636136L, 
-1359420532L, 150443708L, 1797520242L, -1430628112L, -517763004L, 
-838861480L, -1659763654L, 469433200L, 719744060L, -235027692L, 
-1804623422L, -1760788256L, -443644036L, 13842128L, -816691550L, 
-410776536L, 2060783884L, 1197157308L, 362675506L, -1122437184L, 
-839044556L, -618185784L, 913167546L, -2050850928L, 748563948L, 
-1988022188L, 1960201874L, 949801760L, 1222944204L, -949093408L, 
-2031183166L, 797690408L, 809756332L, 1499196092L, 1618233842L, 
729159984L, -621396828L, -1502168392L, 376988375L, -1423340768L, 
-2084246402L, 1913246283L, -262381491L, 708279930L, -1055103304L, 
-1066638239L, 1554581011L, 695536692L, 105525826L, 366548567L, 
-2032800351L, -580006298L, -1641333148L, 1341635989L, 294792895L, 
696751704L, -489045386L, -1376948605L, 317207237L, 2125701090L, 
-807531952L, -1627369607L, -549948245L, -1081140196L, 289307466L, 
-771966145L, -449522295L, 671387038L, -671513524L, 332342813L, 
-1792496729L, 1337798352L, 1690640494L, -1333024997L, 2018232445L, 
-1010895254L, -1353083128L, -1122342991L, -437555165L, -2104880860L, 
923198930L, -1003096537L, 1792884849L, 1146037942L, -2008532396L, 
11540197L, 1678758639L, 816660008L, 1027078790L, -212482893L, 
1733265941L, -1979687822L, 580450496L, -997495511L, -1546218597L, 
2083144812L, 549062778L, -1281093201L, 1216366777L, 1959664334L, 
687937564L, 931519373L, -1249491465L, 1614706944L, -29796514L, 
946081835L, -1070854355L, -1064135782L, 7852376L, 2008794305L, 
1618772851L, -637927276L, -1010899678L, -1160530889L, 2065411329L, 
2101710854L, 1830954564L, -640827531L, 981693151L, -1061360072L, 
-1139831274L, 952042019L, -1392112155L, -1969617918L, 1829414512L, 
1610687513L, 99010059L, -1227131652L, -1647216342L, -1363419297L, 
-1935786263L, 2140790270L, 30749164L, 97761597L, -1061639929L, 
1806948592L, -782941042L, 1297858235L, -1126461795L, 1220393546L, 
211818600L, 1337657425L, -321045693L, -91623868L, -2014327566L, 
-1651578681L, 1333332625L, 181490710L, 1357536884L, 1210689797L, 
-755144881L, 1344098632L, 404651238L, -1688341997L, -591116939L, 
-1221641902L, 558010784L, 1450109065L, 566034619L, -2046321908L, 
-1363481958L, -2069995505L, -1829493671L, 1750984942L, -1807914116L, 
-1387186195L, -2015555433L, -989717664L, 1577376574L, 452219915L, 
-1569909619L, -539908678L, 537005048L, -1511012447L, -1468464813L, 
-1951735692L, -1210371582L, -1848447849L, -715231647L, 892130982L, 
-1669734748L, -1408763051L, -668018689L, -57547112L, 1297623990L, 
